{
  "N_aminoacids": 29, 
  "N_heptades": 4, 
  "N_heterodimers": 12, 
  "N_homodimers": 0, 
  "N_offtarget_above_min_ontarget": 31, 
  "N_pairs": 12, 
  "binding_min_affinity": -7.7631001472473145, 
  "binding_min_affinity_%": 55.26200294494629, 
  "lower_is_better": true, 
  "max_affinity": -9.539878845214844, 
  "min_affinity": -5.489109992980957, 
  "nonbinidng_max_affinity": -8.790670394897461, 
  "nonbinidng_max_affinity_%": 75.81340789794922, 
  "normalization_max": -10, 
  "normalization_min": -5, 
  "orthogonality_average": -1.8010025024414062, 
  "orthogonality_average_%": 36.020050048828125, 
  "orthogonality_gap": 1.0275702476501465, 
  "orthogonality_gap_%": -20.55140495300293, 
  "starting_pos": "f", 
  "total_II_pairs": 28, 
  "total_II_pairs_%": 58.333333333333336, 
  "total_IN_mismatches": 0, 
  "total_IN_mismatches_%": 0.0, 
  "total_NN_pairs": 20, 
  "total_NN_pairs_%": 41.666666666666664, 
  "total_electrostatic_matches": 94, 
  "total_electrostatic_matches_%": 97.91666666666667, 
  "total_electrostatic_mismatches": 2, 
  "total_electrostatic_mismatches_%": 2.0833333333333335
}