{
  "N_aminoacids": 29, 
  "N_heptades": 4, 
  "N_heterodimers": 18, 
  "N_homodimers": 11, 
  "N_offtarget_above_min_ontarget": 1855, 
  "N_pairs": 29, 
  "binding_min_affinity": -6.407009601593018, 
  "binding_min_affinity_%": 28.14019203186035, 
  "lower_is_better": true, 
  "max_affinity": -9.369919776916504, 
  "min_affinity": -5.674149990081787, 
  "nonbinidng_max_affinity": -8.365510940551758, 
  "nonbinidng_max_affinity_%": 67.31021881103516, 
  "normalization_max": -10, 
  "normalization_min": -5, 
  "orthogonality_average": -1.6063284873962402, 
  "orthogonality_average_%": 32.126569747924805, 
  "orthogonality_gap": 1.9585013389587402, 
  "orthogonality_gap_%": -39.170026779174805, 
  "starting_pos": "f", 
  "total_II_pairs": 76, 
  "total_II_pairs_%": 65.51724137931035, 
  "total_IN_mismatches": 4, 
  "total_IN_mismatches_%": 3.4482758620689653, 
  "total_NN_pairs": 36, 
  "total_NN_pairs_%": 31.03448275862069, 
  "total_electrostatic_matches": 232, 
  "total_electrostatic_matches_%": 100.0, 
  "total_electrostatic_mismatches": 0, 
  "total_electrostatic_mismatches_%": 0.0
}