{
  "N_aminoacids": 29, 
  "N_heptades": 4, 
  "N_heterodimers": 15, 
  "N_homodimers": 4, 
  "N_offtarget_above_min_ontarget": 304, 
  "N_pairs": 19, 
  "binding_min_affinity": -7.218239784240723, 
  "binding_min_affinity_%": 44.36479568481445, 
  "lower_is_better": true, 
  "max_affinity": -9.4552001953125, 
  "min_affinity": -4.953360080718994, 
  "nonbinidng_max_affinity": -8.314681053161621, 
  "nonbinidng_max_affinity_%": 66.29362106323242, 
  "normalization_max": -10, 
  "normalization_min": -5, 
  "orthogonality_average": -1.809549331665039, 
  "orthogonality_average_%": 36.19098663330078, 
  "orthogonality_gap": 1.0964412689208984, 
  "orthogonality_gap_%": -21.92882537841797, 
  "starting_pos": "f", 
  "total_II_pairs": 37, 
  "total_II_pairs_%": 48.68421052631579, 
  "total_IN_mismatches": 2, 
  "total_IN_mismatches_%": 2.6315789473684212, 
  "total_NN_pairs": 37, 
  "total_NN_pairs_%": 48.68421052631579, 
  "total_electrostatic_matches": 151, 
  "total_electrostatic_matches_%": 99.34210526315789, 
  "total_electrostatic_mismatches": 1, 
  "total_electrostatic_mismatches_%": 0.6578947368421053
}